(мат. смеж., ориент., взвеш./невзвеш.)
C 7
1 1
0 0 0 0 0 0 0
1 0 0 1 0 0 1
0 0 0 0 0 0 0
0 1 0 0 1 0 0
0 1 0 0 0 1 0
1 0 0 0 0 1 0
0 0 0 1 0 0 0

(мат. смеж., неориент., взвеш./невзвеш.)
C 7
0 1
0 1 1 0 0 1 0
1 0 1 0 0 0 0
1 1 0 0 1 0 1
0 0 0 1 0 0 0
0 0 1 0 0 0 0
1 0 0 0 0 0 0
0 0 1 0 0 0 0

(спис. смеж., ориент., невзв.)
L 7
1 0

1 4 7

2 5
2 6
1 6
4

(спис. смеж., ориент., взв.)
L 7
1 1

1 5 4 5 7 5

2 5 5 5
2 5 6 5
1 5 6 5
4 5

(спис. смеж., неориент., невзв.)
L 7
0 0
2 3 6
1 3
1 2 5 7
4
3
1
3

(спис. смеж., неориент., взв.)
L 7
0 1
2 5 3 5 6 5
1 5 3 5
1 5 2 5 5 5 7 5
4 5
3 5
1 5
3 5
